pH,CO2_frac,HCO3_frac,CO3_frac
0.0,0.9999985864281761,1.4135718224548823e-06,1.51879853015718e-15
0.014014014014014014,0.9999985400705347,1.4599294637414884e-06,1.620049095703369e-15
0.028028028028028028,0.9999984921926113,1.507807386934674e-06,1.728049518343692e-15
0.04204204204204204,0.9999984427445493,1.5572554489712275e-06,1.8432497762437806e-15
0.056056056056056056,0.9999983916748563,1.6083251418127626e-06,1.9661298452660338e-15
0.07007007007007007,0.9999983389303518,1.6610696460645813e-06,2.0972016987568025e-15
0.08408408408408408,0.9999982844561114,1.7155438863528664e-06,2.237011440648495e-15
0.0980980980980981,0.9999982281954091,1.7718045885178582e-06,2.38614158076394e-15
0.11211211211211211,0.9999981700896587,1.829910338682562e-06,2.545213461802834e-15
0.12612612612612611,0.999998110078353,1.8899216442584948e-06,2.7148898481220482e-15
0.14014014014014015,0.9999980480990003,1.951900996951979e-06,2.895877687095674e-15
0.15415415415415415,0.999997984087059,2.015912937836595e-06,3.0889310545596863e-15
0.16816816816816815,0.9999979179758722,2.082024124559519e-06,3.2948542966130974e-15
0.18218218218218218,0.9999978496965958,2.150303400751762e-06,3.5145053808655706e-15
0.1961961961961962,0.9999977791781286,2.2208218677145246e-06,3.74879947109401e-15
0.21021021021021022,0.9999977063470376,2.2936529584563377e-06,3.9987127402015715e-15
0.22422422422422422,0.9999976311274815,2.3688725141580635e-06,4.265286437365261e-15
0.23823823823823823,0.9999975534411325,2.446558863145358e-06,4.549631226317394e-15
0.25225225225225223,0.9999974732070928,2.526792902450831e-06,4.852931812835826e-15
0.26626626626626626,0.9999973903418127,2.609658182050796e-06,5.176451880722721e-15
0.2802802802802803,0.9999973047590025,2.6952409918643317e-06,5.521539356837016e-15
0.29429429429429427,0.9999972163695426,2.7836304516052135e-06,5.889632027116544e-15
0.3083083083083083,0.99999712508139,2.874918603580275e-06,6.282263526988228e-15
0.32232232232232233,0.9999970307994848,2.969200508530784e-06,6.701069731124471e-15
0.3363363363363363,0.9999969334256481,3.066574344616641e-06,7.147795569167754e-15
0.35035035035035034,0.9999968328584827,3.1671415096464257e-06,7.624302295820099e-15
0.36436436436436437,0.9999967289932653,3.271006726659728e-06,8.132575245587083e-15
0.3783783783783784,0.9999966217218383,3.3782781529716788e-06,8.674732104485325e-15
0.3923923923923924,0.9999965109324979,3.4890674927932023e-06,9.253031733176162e-15
0.4064064064064064,0.9999963965098767,3.6034901135442127e-06,9.869883578285578e-15
0.42042042042042044,0.9999962783348235,3.7216651659808727e-06,1.0527857711121125e-14
0.4344344344344344,0.9999961562842805,3.843715708261924e-06,1.1229695535610233e-14
0.44844844844844844,0.999996030231154,3.969768834083278e-06,1.1978321210072787e-14
0.4624624624624625,0.9999959000441824,4.0999558050142295e-06,1.2776853830414479e-14
0.47647647647647645,0.9999957655877992,4.234412187173063e-06,1.3628620425500065e-14
0.4904904904904905,0.9999956267219932,4.373277992384316e-06,1.4537169818849066e-14
0.5045045045045045,0.9999954833021605,4.516697823964638e-06,1.5506287414406027e-14
0.5185185185185185,0.9999953351789561,4.664821027289009e-06,1.65400109679871e-14
0.5325325325325325,0.999995182198137,4.817801845294018e-06,1.7642647410111424e-14
0.5465465465465466,0.999995024200402,4.975799579080091e-06,1.881879079030601e-14
0.5605605605605606,0.9999948610212261,5.138978753779829e-06,2.0073341417645002e-14
0.5745745745745746,0.9999946924906887,5.307509289865085e-06,2.141152627726806e-14
0.5885885885885885,0.999994518433297,5.481566680071126e-06,2.2838920807938606e-14
0.6026026026026026,0.9999943386678035,5.661332172121984e-06,2.4361472131372692e-14
0.6166166166166166,0.9999941530070164,5.846992957447198e-06,2.598552383011779e-14
0.6306306306306306,0.9999939612576063,6.038742366086397e-06,2.771784237721255e-14
0.6446446446446447,0.9999937632199024,6.236780067984512e-06,2.9565645327739245e-14
0.6586586586586587,0.9999935586876876,6.441312280887171e-06,3.1536631389722024e-14
0.6726726726726726,0.9999933474479812,6.652551985052641e-06,3.363901249965264e-14
0.6866866866866866,0.9999931292808192,6.870719145003735e-06,3.58815480362776e-14
0.7007007007007007,0.9999929039590232,7.096040938550504e-06,3.8273581315188033e-14
0.7147147147147147,0.9999926712479659,7.328751993322053e-06,4.0825078516256796e-14
0.7287287287287287,0.9999924309053254,7.569094631053574e-06,4.354667020610106e-14
0.7427427427427428,0.9999921826808339,7.817319119882918e-06,4.644969562856142e-14
0.7567567567567568,0.9999919263160155,8.073683934919148e-06,4.9546249947718856e-14
0.7707707707707707,0.9999916615439197,8.33845602735428e-06,5.284923464027186e-14
0.7847847847847848,0.9999913880888414,8.611911102398223e-06,5.637241124721625e-14
0.7987987987987988,0.9999911056660337,8.894333906326118e-06,6.013045870876494e-14
0.8128128128128128,0.9999908139814129,9.186018522936784e-06,6.413903452137249e-14
0.8268268268268268,0.999990512731252,9.487268679730688e-06,6.841483997165265e-14
0.8408408408408409,0.9999902016018629,9.79839806412605e-06,7.297568971896e-14
0.8548548548548548,0.9999898802692722,1.011973065004206e-05,7.784058601652475e-14
0.8688688688688688,0.9999895483988818,1.0451601035189021e-05,8.302979788035182e-14
0.8828828828828829,0.9999892056451221,1.0794354789416257e-05,8.856494553570831e-14
0.8968968968968969,0.9999888516510911,1.1148348814480286e-05,9.446909049300901e-14
0.9109109109109109,0.9999884860481836,1.1513951715607437e-05,1.0076683162836065e-13
0.924924924924925,0.9999881084557072,1.1891544185237522e-05,1.0748440766904039e-13
0.938938938938939,0.999987718480486,1.2281519399347689e-05,1.146498065108652e-13
0.9529529529529529,0.9999873157164509,1.2684283426768723e-05,1.222928818228699e-13
0.9669669669669669,0.9999868997442175,1.3100255651919612e-05,1.3044547742506874e-13
0.980980980980981,0.9999864701306493,1.3529869211400019e-05,1.3914155995745472e-13
0.994994994994995,0.9999860264284066,1.3973571444894728e-05,1.4841736039293256e-13
1.009009009009009,0.9999855681754808,1.443182436085918e-05,1.5831152498372016e-13
1.023023023023023,0.9999850948947138,1.4905105117470227e-05,1.6886527627005143e-13
1.037037037037037,0.9999846060933005,1.5393906519342363e-05,1.8012258482192787e-13
1.0510510510510511,0.9999841012622773,1.5898737530526058e-05,1.9213035242938004e-13
1.065065065065065,0.9999835798759906,1.642012380432148e-05,2.049386075043837e-13
1.079079079079079,0.9999830413915509,1.6958608230458677e-05,2.1860071350845119e-13
1.093093093093093,0.9999824852482666,1.751475150021307e-05,2.331735912741715e-13
1.107107107107107,0.9999819108670612,1.808913269004382e-05,2.487179561468507e-13
1.1211211211211212,0.9999813176498703,1.8682349864361998e-05,2.652985709341397e-13
1.135135135135135,0.9999807049790191,1.929502069805495e-05,2.829845157173759e-13
1.1491491491491492,0.9999800722165788,1.992778311941433e-05,3.018494756486134e-13
1.1631631631631631,0.9999794187037038,2.0581295974135803e-05,3.219720479322195e-13
1.177177177177177,0.9999787437599454,2.1256239711080888e-05,3.434360692698399e-13
1.1911911911911912,0.9999780466825431,2.1953317090513563e-05,3.6633096513275945e-13
1.2052052052052051,0.9999773267456937,2.2673253915547582e-05,3.907521223166074e-13
1.2192192192192193,0.9999765831997957,2.3416799787565142e-05,4.168012863303419e-13
1.2332332332332332,0.999975815270669,2.41847288863912e-05,4.4458698527485977e-13
1.2472472472472473,0.9999750221587498,2.4977840776034862e-05,4.742249819769543e-13
1.2612612612612613,0.9999742030382572,2.5796961236834458e-05,5.058387562619827e-13
1.2752752752752752,0.9999733570563355,2.6642943124871274e-05,5.395600193741779e-13
1.2892892892892893,0.9999724833321649,2.7516667259544458e-05,5.755292626874003e-13
1.3033033033033032,0.999971580956046,2.841904334022935e-05,6.138963429919663e-13
1.3173173173173174,0.9999706489884522,2.9351010892971357e-05,6.548211067955241e-13
1.3313313313313313,0.9999696864590534,3.03135402481984e-05,6.984740562384151e-13
1.3453453453453452,0.9999686923657044,3.130763355046773e-05,7.450370593973157e-13
1.3593593593593594,0.999967665673404,3.233432580129531e-05,7.94704107935777e-13
1.3733733733733733,0.9999666053132161,3.339468593615081e-05,8.476821252574984e-13
1.3873873873873874,0.9999655101811591,3.448981793673645e-05,9.041918285284905e-13
1.4014014014014013,0.9999643791370559,3.56208619797041e-05,9.644686481586066e-13
1.4154154154154155,0.9999632110033482,3.678899562300358e-05,1.0287637085722466e-12
1.4294294294294294,0.9999620045638715,3.799543503109296e-05,1.09734487435324e-12
1.4434434434434433,0.9999607585625893,3.924143624028293e-05,1.1704978661211886e-12
1.4574574574574575,0.9999594717022859,4.0528296465527965e-05,1.2485274507869154e-12
1.4714714714714714,0.9999581426432181,4.185735545002027e-05,1.3317587111444029e-12
1.4854854854854855,0.9999567700017206,4.3229996858986995e-05,1.4205384000870042e-12
1.4994994994994995,0.9999553523487656,4.464764971913595e-05,1.5152363850880375e-12
1.5135135135135136,0.9999538882084786,4.6111789905243604e-05,1.6162471889618247e-12
1.5275275275275275,0.9999523760566006,4.762394167542647e-05,1.723991633322042e-12
1.5415415415415414,0.9999508143189044,4.918567925668807e-05,1.838918591581982e-12
1.5555555555555556,0.9999492013695562,5.0798628482385584e-05,1.96150685879733e-12
1.5695695695695695,0.9999475355294244,5.246446848331322e-05,2.0922671461386356e-12
1.5835835835835836,0.9999458150643342,5.4184933434155825e-05,2.2317442082995574e-12
1.5975975975975976,0.9999440381832623,5.596181435712151e-05,2.3805191127003715e-12
1.6116116116116117,0.9999422030364763,5.779696098462362e-05,2.5392116599367315e-12
1.6256256256256256,0.9999403077136088,5.969228368294042e-05,2.7084829655531865e-12
1.6396396396396395,0.9999383502416722,6.164975543884607e-05,2.889038213892741e-12
1.6536536536536537,0.9999363285830072,6.367141391126993e-05,3.081629595490024e-12
1.6676676676676676,0.9999342406331629,6.575936355010821e-05,3.2870594402397607e-12
1.6816816816816818,0.9999320842187094,6.791577778438283e-05,3.5061835593872773e-12
1.6956956956956957,0.9999298570949781,7.014290128201044e-05,3.739914810256929e-12
1.7097097097097096,0.9999275569437274,7.244305228352206e-05,3.989226898561721e-12
1.7237237237237237,0.9999251813707327,7.48186250121467e-05,4.255158434126137e-12
1.7377377377377377,0.9999227279032985,7.727209216275218e-05,4.538817256909098e-12
1.7517517517517518,0.9999201939876864,7.98060074722181e-05,4.841385051339123e-12
1.7657657657657657,0.999917576986462,8.24230083738973e-05,5.164122268173529e-12
1.7797797797797799,0.9999148741757528,8.512581873891097e-05,5.508373374373748e-12
1.7937937937937938,0.9999120827424174,8.791725170710948e-05,5.8755724528536035e-12
1.8078078078078077,0.9999091997811222,9.080021261062532e-05,6.2672491754139464e-12
1.8218218218218218,0.9999062222913219,9.377770199303618e-05,6.68503517372957e-12
1.8358358358358358,0.9999031471741421,9.68528187272575e-05,7.1306708349111505e-12
1.84984984984985,0.9998999712291586,0.00010002876323538303,7.606012549931668e-12
1.8638638638638638,0.999896691151073,0.00010330884081379596,8.113040445090866e-12
1.877877877877878,0.9998933035262793,0.00010669646506698226,8.653866628701656e-12
1.8918918918918919,0.9998898048293157,0.00011019516145358767,9.230743987325578e-12
1.9059059059059058,0.9998861914192054,0.00011380857094837517,9.846075568171208e-12
1.91991991991992,0.9998824595356738,0.00011754045382385734,1.0502424586707774e-11
1.9339339339339339,0.9998786052952419,0.00012139469355550095,1.1202525101147347e-11
1.947947947947948,0.9998746246871962,0.0001253753008545267,1.1949293398223108e-11
1.961961961961962,0.9998705135694218,0.00012948641783245597,1.2745840137649763e-11
1.9759759759759759,0.9998662676641029,0.00013373232230169278,1.359548330580822e-11
1.98998998998999,0.9998618825532816,0.00013811743221656524,1.450176203256213e-11
2.004004004004004,0.9998573536742722,0.00014264631025939447,1.5468451328703675e-11
2.018018018018018,0.9998526763149242,0.0001473236685763069,1.6499577805355002e-11
2.032032032032032,0.9998478456087331,0.0001521543736676561,1.759943644073467e-11
2.046046046046046,0.9998428565297893,0.00015714345143807819,1.877260846405398e-11
2.06006006006006,0.9998377038875648,0.00016229609241136727,2.002398043095333e-11
2.074074074074074,0.9998323823215258,0.00016761765711552172,2.1358764569841995e-11
2.088088088088088,0.9998268862955739,0.00017311368164348566,2.278252048378928e-11
2.1021021021021022,0.9998212100923034,0.0001787898833952889,2.430117829824975e-11
2.116116116116116,0.9998153478070717,0.00018465216700746636,2.5921063350915005e-11
2.13013013013013,0.9998092933418753,0.00019070663047583578,2.764892252639561e-11
2.144144144144144,0.9998030403990301,0.00019695957147789538,2.94919523452708e-11
2.158158158158158,0.9997965824746409,0.0002034174939013147,3.145782892433664e-11
2.1721721721721723,0.99978991285186,0.00021008711458519173,3.3554739932657765e-11
2.186186186186186,0.9997830245939276,0.00021697537028096567,3.579141867632072e-11
2.2002002002002,0.9997759105369828,0.00022408942484009595,3.817718045363227e-11
2.214214214214214,0.9997685632826423,0.00023143667663584028,4.0721961331936294e-11
2.2282282282282284,0.9997609751903369,0.00023902476622670365,4.343635950728436e-11
2.2422422422422423,0.9997531383693989,0.0002468615842693671,4.633167941892127e-11
2.2562562562562563,0.9997450446708909,0.0002549552796891594,4.941997880199024e-11
2.27027027027027,0.9997366856791695,0.0002633142681163809,5.271411887406076e-11
2.284284284284284,0.9997280527031751,0.0002719472405970645,5.622781786409807e-11
2.2982982982982985,0.9997191367674374,0.00028086317258702265,5.997570810636761e-11
2.3123123123123124,0.9997099286027882,0.0002900713332383113,6.397339693656812e-11
2.3263263263263263,0.9997004186367751,0.00029958129498753553,6.82375316432705e-11
2.34034034034034,0.9996905969837586,0.0003094029434557112,7.278586874456677e-11
2.354354354354354,0.999680453434693,0.00031954648766971075,7.763734787778663e-11
2.3683683683683685,0.9996699774465723,0.0003300224706156325,8.281217060927584e-11
2.3823823823823824,0.9996591581315333,0.0003408417801347621,8.833188449164459e-11
2.3963963963963963,0.9996479842456074,0.00035201566017312863,9.421947271766109e-11
2.4104104104104103,0.9996364441771045,0.0003635557223960001,1.0049944974317492e-10
2.424424424424424,0.9996245259346231,0.000375473958179025,1.0719796327621035e-10
2.4384384384384385,0.9996122171346691,0.0003877827509880864,1.1434290305576415e-10
2.4524524524524525,0.9995995049888756,0.0004004948891603168,1.2196401687198796e-10
2.4664664664664664,0.9995863762908079,0.0004136235790991094,1.30093034309454e-10
2.4804804804804803,0.9995728174023399,0.00042718245889635626,1.3876379872720183e-10
2.4944944944944947,0.9995588142395919,0.0004411856123955629,1.4801240802339945e-10
2.5085085085085086,0.9995443522584129,0.000455647583709904,1.5787736476883745e-10
2.5225225225225225,0.9995294164393904,0.00047058339220973073,1.6839973633228694e-10
2.5365365365365364,0.9995139912723822,0.00048600854799447544,1.7962332566211842e-10
2.5505505505505504,0.9994980607405408,0.0005019390678643698,1.9159485343271003e-10
2.5645645645645647,0.9994816083038278,0.0005183914918078653,2.0436415231120778e-10
2.5785785785785786,0.9994646168819947,0.0005353829000211284,2.1798437415036477e-10
2.5925925925925926,0.9994470688370115,0.0005529309304764914,2.3251221096667124e-10
2.6066066066066065,0.9994289459549346,0.0005710537970572454,2.480081306200037e-10
2.6206206206206204,0.9994102294271867,0.0005897703082767012,2.6453662817183167e-10
2.6346346346346348,0.9993908998312334,0.0006090998865999847,2.8216649396384034e-10
2.6486486486486487,0.9993709371106412,0.0006290625883875891,3.009710995279413e-10
2.6626626626626626,0.9993503205544909,0.0006496791244802936,3.210287025123443e-10
2.6766766766766765,0.9993290287761317,0.0006709708814456301,3.424227718869053e-10
2.6906906906906904,0.9993070396912509,0.0006929599435067025,3.652423347747462e-10
2.704704704704705,0.9992843304952429,0.0007156691151747798,3.8958234634642677e-10
2.7187187187187187,0.9992608776398482,0.0007391219446077154,4.1554408430814727e-10
2.7327327327327327,0.9992366568090475,0.0007633427477169266,4.432355696169656e-10
2.7467467467467466,0.9992116428941819,0.0007883566330462983,4.727720151641787e-10
2.760760760760761,0.9991858099682766,0.0008141895274471144,5.042763042833875e-10
2.774774774774775,0.9991591312595467,0.0008408682025737863,5.378795010626962e-10
2.7887887887887888,0.9991315791240528,0.0008684203022259095,5.737213945715841e-10
2.8028028028028027,0.999103125017486,0.0008968743705628866,6.119510792526811e-10
2.8168168168168166,0.9990737394660542,0.0009262598812181539,6.527275738776346e-10
2.830830830830831,0.9990433920364388,0.0009566072673408013,6.962204816249837e-10
2.844844844844845,0.999012051304796,0.0009879479525931863,7.426106940071778e-10
2.858858858858859,0.998979684824775,0.0010203143831339723,7.920911415542547e-10
2.8728728728728727,0.9989462590945157,0.0010537400606168263,8.448675943538811e-10
2.8868868868868867,0.9989117395226047,0.0010882595762359058,9.011595157524123e-10
2.900900900900901,0.998876090392949,0.0011239086458501182,9.612009727399613e-10
2.914914914914915,0.9988392748285393,0.0011607241462190203,1.0252416067752056e-09
2.928928928928929,0.9988012547540682,0.0011987441523841867,1.0935476690537415e-09
2.942942942942943,0.998761990857366,0.00123800797623074,1.1664031244880612e-09
2.956956956956957,0.9987214425496245,0.001278556206264753,1.2441108289489938e-09
2.970970970970971,0.9986795679243632,0.001320430748643155,1.3269937846185994e-09
2.984984984984985,0.9986363237151097,0.0013636748694938138,1.4153964786244387e-09
2.998998998998999,0.9985916652517494,0.001408333238564417,1.5096863104659404e-09
3.013013013013013,0.998545546415505,0.0014544519742398525,1.6102551141068764e-09
3.027027027027027,0.9984979195925103,0.0015020786899688115,1.7175207809948998e-09
3.041041041041041,0.9984487356259297,0.0015512625421413907,1.8319289906814497e-09
3.055055055055055,0.9983979437665844,0.001602054279460598,1.9539550561547104e-09
3.069069069069069,0.9983454916220426,0.001654506293851682,2.0841058914662155e-09
3.083083083083083,0.9982913251041236,0.001708672672954402,2.2229221097304794e-09
3.0970970970970972,0.9982353883747753,0.0017646092542444355,2.37098026010812e-09
3.111111111111111,0.9981776237902735,0.0018223736808312622,2.5288952129488097e-09
3.125125125125125,0.9981179718436962,0.001882025458981059,2.69732270287324e-09
3.139139139139139,0.9980563711056236,0.0019436260174142453,2.8769620402151414e-09
3.153153153153153,0.9979927581630124,0.002007238768428563,3.068559001928422e-09
3.1671671671671673,0.9979270675561915,0.0020729291708997143,3.2729089137927157e-09
3.181181181181181,0.9978592317139273,0.002140764795212796,3.4908599365262954e-09
3.195195195195195,0.9977891808865045,0.0022108153901789973,3.723316569241504e-09
3.209209209209209,0.9977168430767634,0.0022831529519931715,3.971243384557319e-09
3.2232232232232234,0.9976421439690418,0.002357851795289174,4.2356690106205675e-09
3.2372372372372373,0.9975650068559587,0.0024349886263510113,4.517690376284545e-09
3.2512512512512513,0.9974853525629837,0.002514642618539119,4.818477236755919e-09
3.265265265265265,0.9974030993707309,0.002596895489992196,5.1392769981511086e-09
3.279279279279279,0.9973181629349138,0.002681831583666316,5.48141986060719e-09
3.2932932932932935,0.9972304562039017,0.0027695379497741737,5.846324300873555e-09
3.3073073073073074,0.9971398893338086,0.002860104430688458,6.235502916674205e-09
3.3213213213213213,0.9970463696010569,0.0029536237483746104,6.650568656582616e-09
3.335335335335335,0.9969498013123393,0.003050191594419201,7.093241460695436e-09
3.349349349349349,0.9968500857119232,0.003149906722721398,7.565355339035994e-09
3.3633633633633635,0.996747120886218,0.0032528710449159924,8.068865916367892e-09
3.3773773773773774,0.9966408016655441,0.003359189728597484,8.605858473960534e-09
3.3913913913913913,0.9965310195230277,0.0034689712984158024,9.17855652082963e-09
3.4054054054054053,0.9964176624705541,0.00358232774011503,9.789330929082253e-09
3.419419419419419,0.9963006149517027,0.003699374607587552,1.044070967023825e-08
3.4334334334334335,0.9961797577315951,0.0038202311330167555,1.113538819178394e-08
3.4474474474474475,0.9960549677835774,0.003945020340182206,1.1876240475749859e-08
3.4614614614614614,0.9959261181726672,0.004073869161001967,1.2666330823801856e-08
3.4754754754754753,0.9957930779356864,0.0042069085553871665,1.3508926416201778e-08
3.4894894894894897,0.9956557119580046,0.004344273634484582,1.4407510695044178e-08
3.5035035035035036,0.9955138808468191,0.0044861037873832965,1.536579762541675e-08
3.5175175175175175,0.9953674408008913,0.004632542811361828,1.6387746891578836e-08
3.5315315315315314,0.9952162434766676,0.004783739045752183,1.7477580088914638e-08
3.5455455455455454,0.9950601358507047,0.004939845509497412,1.8639797976311488e-08
3.5595595595595597,0.9948989600783222,0.00510102004247903,1.987919885774983e-08
3.5735735735735736,0.9947325533484116,0.005267425450690326,2.1200898166286897e-08
3.5875875875875876,0.9945607477343195,0.0054392296553312375,2.2610349328286704e-08
3.6016016016016015,0.9943833700407344,0.005616605845899548,2.411336599070724e-08
3.6156156156156154,0.9942002416465019,0.005799732637352496,2.571614569952602e-08
3.6296296296296298,0.9940111783432932,0.005988794231411596,2.742529512297802e-08
3.6436436436436437,0.9938159901700611,0.006183980582082121,2.9247856919220237e-08
3.6576576576576576,0.9936144812432044,0.006385487565457133,3.119133835434391e-08
3.6716716716716715,0.9934064495823844,0.006593517153873823,3.3263741783346644e-08
3.6856856856856854,0.9931916869319151,0.006808277594487827,3.547359711378164e-08
3.6996996996997,0.9929699785776751,0.007029983592328529,3.782999637933744e-08
3.7137137137137137,0.9927411031594742,0.0072588564978952955,4.0342630558596206e-08
3.7277277277277276,0.9925048324788198,0.007495124499351489,4.302182878270223e-08
3.7417417417417416,0.992260931302031,0.007739022819368985,4.587860008466221e-08
3.755755755755756,0.99200915715865,0.007990793916672024,4.8924677852538115e-08
3.76976976976977,0.9917492601351086,0.008250687692324269,5.2172567158899143e-08
3.7837837837837838,0.9914809826636068,0.00851896170079798,5.563559514961467e-08
3.7977977977977977,0.9912040593061773,0.008795881365858139,5.9327964686418204e-08
3.8118118118118116,0.9909182165339003,0.009081720201288303,6.326481144970014e-08
3.825825825825826,0.9906231725012575,0.00937676003647783,6.74622647207207e-08
3.83983983983984,0.9903186368156054,0.00968129124688243,7.193751207591862e-08
3.853853853853854,0.9900043103017699,0.00999561298936193,7.670886824026778e-08
3.8678678678678677,0.989679884761762,0.010320033442389605,8.179584836173495e-08
3.8818818818818817,0.9893450427296362,0.010654870051117902,8.721924598487854e-08
3.895895895895896,0.9889994572215095,0.0110004497772745,9.30012160185283e-08
3.90990990990991,0.988642791480786,0.011357109353850887,9.916536301035972e-08
3.923923923923924,0.9882746987186317,0.011725195544533325,1.0573683506007183e-07
3.937937937937938,0.9878948218497642,0.012105065407812123,1.127424237228361e-07
3.9519519519519517,0.9875027932236391,0.012497086565690664,1.2021067027577769e-07
3.965965965965966,0.9870982343511213,0.012901637476899938,1.2817197874251844e-07
3.97997997997998,0.9866807556267568,0.013319107714506936,1.3665873609431633e-07
3.993993993993994,0.9862499560467722,0.013749898247787641,1.4570544007114974e-07
4.008008008008008,0.9858054229229498,0.014194421728215148,1.5534883509225068e-07
4.022022022022022,0.9853467315925502,0.014653102779392978,1.6562805675319e-07
4.036036036036036,0.9848734451244735,0.015126378290740986,1.7658478543568786e-07
4.05005005005005,0.9843851140218728,0.01561469771471769,1.8826340958696704e-07
4.064064064064064,0.9838812759214642,0.016118523367336574,2.007111992577041e-07
4.078078078078078,0.9833614552898017,0.016638330731707836,2.1397849052161262e-07
4.092092092092092,0.9828251631168115,0.017174608764307136,2.2811888143539142e-07
4.106106106106106,0.9822718966069175,0.017727860203642268,2.431894402353252e-07
4.12012012012012,0.9817011388681165,0.018298601880956968,2.592509265063237e-07
4.134134134134134,0.9811123585993994,0.018887365032574543,2.7636802610059524e-07
4.148148148148148,0.98050500977695,0.019494695613449402,2.94609600626721e-07
4.162162162162162,0.9798785313395935,0.020121154611454133,3.140489523755181e-07
4.176176176176176,0.9792323468740055,0.02076731836188891,3.347641055969471e-07
4.19019019019019,0.9785658643002368,0.021433778861657905,3.5683810509251984e-07
4.2042042042042045,0.9778784755581574,0.022121144082509373,3.803593331401068e-07
4.218218218218218,0.977169556295464,0.022830038282690236,4.054218458230677e-07
4.232232232232232,0.9764384655579562,0.023561102316313864,4.321257298930334e-07
4.246246246246246,0.9756845454828323,0.02431499393968629,4.6057748135567896e-07
4.26026026026026,0.9749071209958109,0.025092388113782,4.908904070315452e-07
4.2742742742742745,0.9741054995129504,0.0258939773019993,5.231850504092118e-07
4.288288288288288,0.9732789706480905,0.02672047176226635,5.575896431763187e-07
4.302302302302302,0.9724268059269123,0.027572599832503764,5.942405838847567e-07
4.316316316316316,0.9715482585086727,0.028451108208382214,6.332829452800656e-07
4.33033033033033,0.970642562916742,0.029356762212246094,6.74871011901757e-07
4.344344344344345,0.9697089347791512,0.03029034605199906,7.191688496406451e-07
4.358358358358358,0.9687465705804165,0.03125266306867457,7.663509090217941e-07
4.372372372372372,0.9677546474260006,0.0322445359713354,8.16602664066937e-07
4.386386386386387,0.9667323228208463,0.033266807057864924,8.701212886784169e-07
4.4004004004004,0.9656787344634957,0.03432033842013161,9.271163725778845e-07
4.414414414414415,0.9645930000574003,0.03540601213192071,9.878106789268343e-07
4.428428428428428,0.9634742171411151,0.036524730417938855,1.0524409458527515e-06
4.4424424424424425,0.9623214629391568,0.03767741580210904,1.1212587342041622e-06
4.456456456456457,0.961133794235399,0.03886501123327706,1.1945313239596686e-06
4.47047047047047,0.959910247270978,0.04008848018636035,1.2725426618207124e-06
4.484484484484485,0.9586498376687667,0.04134880673687069,1.355594362624443e-06
4.498498498498498,0.9573515603865869,0.04264699560664586,1.444006767321956e-06
4.5125125125125125,0.9560143897014116,0.04398407217852813,1.5381200603781499e-06
4.526526526526527,0.954637279226925,0.045361082477625554,1.6382954495616887e-06
4.54054054054054,0.9532191619668933,0.0467790931166955,1.7449164112077176e-06
4.554554554554555,0.9517589504069071,0.04823919120308892,1.8583900041507749e-06
4.568568568568568,0.9502555366471498,0.04974248420459464,1.9791482556410096e-06
4.5825825825825826,0.948707792578948,0.051290099771429336,2.1076496226730636e-06
4.596596596596597,0.9471145701079492,0.0528831855115184,2.2443805322724547e-06
4.61061061061061,0.9454747014268697,0.054522908716125765,2.389857004399984e-06
4.624624624624625,0.9437869993408408,0.05621045603279797,2.544626361248457e-06
4.638638638638638,0.9420502576484694,0.05794703308250377,2.709269026818386e-06
4.652652652652653,0.9402632515818059,0.05973386401777344,2.8844004207694842e-06
4.666666666666667,0.9384247383084853,0.061572191018564044,3.0706729506511015e-06
4.68068068068068,0.9365334574993773,0.06346327372251594,3.2687781067181627e-06
4.694694694694695,0.9345881319651318,0.0654083885862047,3.4794486636370273e-06
4.708708708708708,0.9325874683650623,0.06740882817394425,3.703460993478276e-06
4.722722722722723,0.9305301579918405,0.06946590037066513,3.941637494480042e-06
4.736736736736737,0.9284148776355012,0.07158092751535855,4.194849140143299e-06
4.7507507507507505,0.9262402905302718,0.07375524545157487,4.464018153291401e-06
4.764764764764765,0.9240050473877264,0.07599020249146382,4.750120809786037e-06
4.778778778778778,0.9217077875197579,0.07828715828986554,5.054190376641264e-06
4.792792792792793,0.919347140054805,0.08064748262500576,5.377320189315485e-06
4.806806806806807,0.9169217252507247,0.08307255408240229,5.720666872984519e-06
4.8208208208208205,0.9144301559076091,0.08556375863867825,6.085453712609643e-06
4.834834834834835,0.9118710388837428,0.08812248814208067,6.472974176607723e-06
4.848848848848848,0.9092429767177677,0.0907501386866336,6.884595598907128e-06
4.862862862862863,0.9065445693599548,0.09344810887702099,7.321763024132078e-06
4.876876876876877,0.9037744160153048,0.09621779798147456,7.786003220595023e-06
4.890890890890891,0.9009311171009626,0.09906060397017165,8.278928865694914e-06
4.904904904904905,0.8980132763201958,0.101977921436896,8.80224290821298e-06
4.918918918918919,0.8950195028548846,0.10497113940200341,9.357743111868154e-06
4.932932932932933,0.8919484136781515,0.10804163899506418,9.947326784340795e-06
4.946946946946947,0.8887986359883907,0.11119079101591355,1.0572995695792365e-05
4.960960960960961,0.8855688097655655,0.11441995337324373,1.123686119070076e-05
4.974974974974975,0.8822575904501803,0.11773046840032325,1.1941149496597101e-05
4.988988988988989,0.8788636517448628,0.12112366004790415,1.2688207233023262e-05
5.003003003003003,0.8753856885379582,0.12460083095491813,1.3480507123738181e-05
5.017017017017017,0.871822419947956,0.12816325939812903,1.4320653914876342e-05
5.031031031031031,0.8681725924869734,0.13181219612252526,1.5211390501409108e-05
5.045045045045045,0.8644349833408326,0.13554886105490357,1.6155604263878508e-05
5.059059059059059,0.860608403762595,0.1393744399037882,1.715633361695912e-05
5.073073073073073,0.8566917025756426,0.1432900806495864,1.8216774770966506e-05
5.087087087087087,0.8526837697816302,0.14729688992966292,1.934028870696184e-05
5.101101101101101,0.848583540267795,0.15139592932383947,2.0530408365609403e-05
5.115115115115115,0.8443899976072506,0.15558821154670002,2.1790846049429875e-05
5.129129129129129,0.8401021779449988,0.1598746965539636,2.3125501037550468e-05
5.143143143143143,0.8357191739614583,0.16425628757113003,2.4538467411501198e-05
5.157157157157157,0.831240138904364,0.168733827053546,2.6034042090032677e-05
5.171171171171171,0.8266642906789142,0.17330809258801533,2.761673307034835e-05
5.185185185185185,0.8219909159850521,0.1779797927470754,2.929126787255817e-05
5.1991991991991995,0.81721937448977,0.18274956290804636,3.106260218356465e-05
5.213213213213213,0.8123491030213277,0.18761796104997627,3.293592869601024e-05
5.227227227227227,0.8073796197712712,0.1925854635425915,3.491668613733382e-05
5.241241241241241,0.8023105284891728,0.19765246094234368,3.701056848342251e-05
5.255255255255255,0.7971415226540353,0.20281925381161398,3.922353435081038e-05
5.2692692692692695,0.7918723896053924,0.20808604857804666,4.156181656086185e-05
5.283283283283283,0.7865030146162474,0.21345295345188367,4.403193186891453e-05
5.297297297297297,0.7810333848891553,0.21891997441999378,4.6640690850930385e-05
5.311311311311311,0.7754635934560055,0.22448701133605456,4.9395207939835595e-05
5.325325325325325,0.7697938429613452,0.23015385412705136,5.2302911603433794e-05
5.33933933933934,0.7640244493085058,0.23592017913683863,5.5371554655537464e-05
5.353353353353353,0.7581558451472709,0.24178554562803742,5.860922469182561e-05
5.367367367367367,0.752188583181436,0.247749392463922,6.202435464187315e-05
5.381381381381381,0.7461233392743474,0.25381103499222385,6.562573342884174e-05
5.395395395395395,0.7399609153303384,0.2599696621529332,6.942251672848194e-05
5.40940940940941,0.7337022419300266,0.266224333832154,7.342423781935437e-05
5.423423423423423,0.7273483806975479,0.27257397848393555,7.764081851658507e-05
5.4374374374374375,0.7209005263781463,0.2790173910416718,8.208258018198743e-05
5.451451451451452,0.7143600086050264,0.2855532311401696,8.676025480404635e-05
5.465465465465465,0.7077282933350174,0.29218002166884066,9.168499614207415e-05
5.47947947947948,0.7010069839334596,0.29889614767561073,9.686839092979402e-05
5.493493493493493,0.6941978218897498,0.30569985564011554,0.00010232247013470727
5.5075075075075075,0.6873026871461796,0.31258925313354957,0.00010805972027086715
5.521521521521522,0.6803235980241248,0.3195623088811112,0.00011409309476406768
5.535535535535535,0.6732627107332001,0.3266168532414299,0.00012043602537003
5.54954954954955,0.6661223184507707,0.3337505791155814,0.0001271024336478564
5.563563563563563,0.6589048499611441,0.34096104329636306,0.00013410674249286411
5.5775775775775776,0.6516128678458405,0.34824566826642456,0.00014146388773490188
5.591591591591592,0.6442490662186192,0.3556017444515704,0.00014918932981033238
5.605605605605605,0.6368162680012862,0.3630264329331956,0.0001572990655181063
5.61961961961962,0.6293174217388345,0.3705167686212928,0.00016580963987266202
5.633633633633633,0.6217555979550764,0.37806966388685476,0.00017473815806879768
5.647647647647648,0.6141339850525985,0.38568191264982543,0.00018410229757617175
5.661661661661662,0.6064558847636493,0.39335019491596696,0.0001939203203836064
5.675675675675675,0.5987247071613373,0.4010710817532467,0.0002042110854159909
5.68968968968969,0.5909439652433276,0.4088410406955232,0.00021499406114917614
5.703703703703703,0.583117269103027,0.4166564415585221,0.0002262893384508702
5.717717717717718,0.5752483197059727,0.424513562650349,0.00023811764367816628
5.731731731731732,0.5673409022918541,0.4324085973560811,0.0002505003520648678
5.7457457457457455,0.5593988794251586,0.4403376610734072,0.00026345950143431823
5.75975975975976,0.551426183719924,0.44829679847380005,0.00027701780627585436
5.773773773773773,0.543426810266399,0.45628199106137557,0.0002911986722253324
5.787787787787788,0.5354048087895487,0.46428916499945894,0.0003060262109924303
5.801801801801802,0.527364275571332,0.4723141991728885,0.0003215252557794673
5.8158158158158155,0.5193093451703866,0.48035293345237506,0.0003377213772384747
5.82982982982983,0.5112441819742797,0.4884011771257054,0.0003546409000149915
5.843843843843843,0.5031729716207414,0.4964547174593299,0.0003723109199286616
5.857857857857858,0.49509991232525613,0.5045093283529017,0.0003907593218421605
5.871871871871872,0.487029206153131,0.5125607790485978,0.00041001479827113604
5.885885885885886,0.4789650502745473,0.5206048428566639,0.00043010686878893113
5.8998998998999,0.47091162824124716,0.5286373058584722,0.00045106590028063325
5.913913913913914,0.46287310132335074,0.5366539755485475,0.0004729231281015971
5.927927927927928,0.4548535999443186,0.5446506893774854,0.000495710678196038
5.941941941941942,0.4468572152513569,0.5526233231584117,0.0005194615902314584
5.955955955955956,0.4388879908575418,0.5605677993006534,0.0005442098418046864
5.96996996996997,0.43094991479063843,0.5684800948355864,0.0005699903737751842
5.983983983983984,0.42304691168207814,0.5763562492011409,0.000596839116780867
5.997997997997998,0.41518283522777766,0.5841923717532311,0.0006247930189912477
6.012012012012012,0.4073614609504932,0.5919846489743549,0.0006538900751520418
6.026026026026026,0.3995864792912583,0.5997293513517671,0.0006841693569745727
6.04004004004004,0.3918614890550674,0.6074228399000101,0.0007156710449225223
6.054054054054054,0.3841899912335272,0.6150615723050253,0.0007484364614474874
6.068068068068068,0.3765753832245585,0.6226421086697176,0.0007825081057238744
6.082082082082082,0.3690209534665571,0.6301611168435103,0.0008179296899325079
6.096096096096096,0.36152987650166496,0.637615377321194,0.0008547461771412058
6.11011011011011,0.3541052084799958,0.6450017876991747,0.0008930038208295279
6.124124124124124,0.34674988311387867,0.6523173666800176,0.0009327502061036629
6.138138138138138,0.3394667080883698,0.6595592576189836,0.0009740342926464633
6.152152152152152,0.33225836193156266,0.6667247316089907,0.0010169064594465161
6.166166166166166,0.32512739134552826,0.6738111901031225,0.0010614185513491687
6.18018018018018,0.3180762089961195,0.6808161670764088,0.0011076239274716343
6.1941941941941945,0.31110709175740403,0.6877373307310726,0.001155577511523354
6.208208208208208,0.3042221794040901,0.6945724847518376,0.0012053358440722772
6.222222222222222,0.29742347374310935,0.7013195691200936,0.0012569571367970522
6.236236236236236,0.2907128381734384,0.7079766604977968,0.0013105013287646862
6.25025025025025,0.284091997661311,0.714541972193916,0.0013660301447730604
6.2642642642642645,0.27756253911626616,0.7210138537279365,0.0014236071557973448
6.278278278278278,0.2711259121518864,0.7273907900065341,0.0014832978415795475
6.292292292292292,0.2647834302137179,0.7336714001308815,0.0015451696554004595
6.306306306306306,0.2585362720556829,0.7398544358532436,0.001609292091073535
6.32032032032032,0.25238548354526175,0.7459387797025374,0.0016757367522008384
6.334334334334335,0.24633197977693294,0.7519234427993355,0.0017445774237315505
6.348348348348348,0.2403765474726917,0.7578075623814438,0.0018158901458644645
6.362362362362362,0.23451984764801853,0.7635903990616449,0.0018897532903366376
6.376376376376376,0.22876241852136728,0.7692713338394913,0.0019662476391413054
6.39039039039039,0.22310467864509773,0.7748498648891828,0.0020454564657194636
6.404404404404405,0.21754693023580854,0.7803256041455211,0.0021274656186704376
6.418418418418418,0.21208936268216655,0.785698273709805,0.0022123636080283384
6.4324324324324325,0.2067320562086258,0.7909677020972217,0.0023002416941525087
6.446446446446447,0.2014749856738433,0.7961338203468752,0.0023911939792815207
6.46046046046046,0.19631802448309763,0.8011966580151004,0.00248531750180195
6.474474474474475,0.19126094859465298,0.8061563390720624,0.0025827123332845454
6.488488488488488,0.1863034406006972,0.8110130777209608,0.0026834816783420238
6.5025025025025025,0.1814450938642613,0.8157671741583742,0.002787731977364487
6.516516516516517,0.17668541669436966,0.8204190102934406,0.0028955730121897963
6.53053053053053,0.17202383654255168,0.8249690454426802,0.0030071180147681112
6.544544544544545,0.16745970420478204,0.8294178120163367,0.0031224837788812044
6.558558558558558,0.1629922980138806,0.8337659112111407,0.0032417907749786546
6.5725725725725725,0.1586208280083766,0.8380140087234287,0.0033651632681947494
6.586586586586587,0.1543444400648535,0.8421628304955356,0.003492729439610938
6.6006006006006,0.1501622199817769,0.8462131585073928,0.0036246215108303795
6.614614614614615,0.14607319750381206,0.8501658266242558,0.003760975871932114
6.628628628628628,0.14207635027663382,0.8540217165104927,0.0039019332128734092
6.642642642642643,0.13817060772318263,0.8577817536184071,0.004047638658410173
6.656656656656657,0.13435485483329354,0.8614469032601009,0.004198241906605572
6.67067067067067,0.1306279358595328,0.865018166769469,0.004353897370998195
6.684684684684685,0.12698865791297245,0.8684965777605264,0.004514764326501216
6.698698698698698,0.12343579445349974,0.871883198487396,0.004681007059104274
6.712712712712713,0.11996808867006732,0.8751791163104825,0.004852795019450168
6.726726726726727,0.11658425674708237,0.8783854402725598,0.005030302980357766
6.7407407407407405,0.11328299101386854,0.8815032977877688,0.0052137111983625644
6.754754754754755,0.11006296297483087,0.8845338314458236,0.005403205579345399
6.768768768768768,0.10692282621861844,0.8874781959330631,0.005598977848318611
6.782782782782783,0.1038612192051753,0.8903375550713865,0.005801225723438232
6.796796796796797,0.10087676793015482,0.8931130789755369,0.006010153094308314
6.8108108108108105,0.09796808846667969,0.895805941328678,0.006225970204642287
6.824824824824825,0.09513378938492496,0.8984173167757317,0.006448893839343296
6.838838838838838,0.09237247405043268,0.9009483784335045,0.006679147516062771
6.852852852852853,0.08968274280246673,0.9034002955162397,0.006916961681293617
6.866866866866867,0.08706319501407729,0.9057742310748728,0.0071625739110500125
6.880880880880881,0.0845124310358601,0.9080713398479575,0.00741622911618237
6.894894894894895,0.08202905402568916,0.91029276622194,0.007678179752370813
6.908908908908908,0.07961167166694035,0.9124396422982244,0.007948686034835194
6.922922922922923,0.07725889777794813,0.9145130860642573,0.008228016157794431
6.936936936936937,0.07496935381562136,0.9165141996656782,0.008516446518700505
